
2步法
2 11 10 12 10 12 11 11 11 
5步蛇
5 8 13 8 12 9 12 9 13 10 13 10 14 9 14 8 14 8 15 9 15 
换花不花
3 7 10 8 10 9 10 9 11 8 11 7 11 
大大大
3 8 7 9 7 9 6 10 5 9 5 9 6 
测试3
11 7 7 8 7 9 7 10 7 11 7 11 8 10 8 10 9 10 10 11 10 11 11 11 12 10 12 9 12 9 13 10 13 11 13 11 14 12 14 12 13 12 12 12 11 
测试4
2 7 7 8 7 8 8 8 7 

测试5
2 12 6 14 6 13 7 13 6 
测试6
2 11 7 12 7 12 8 12 7 
4步
4 8 7 9 7 9 8 8 8 9 10 9 9 9 8 8 8 
关卡6
14 8 9 8 8 9 8 10 8 10 7 11 7 11 8 12 8 13 8 13 9 13 10 12 10 11 10 10 10 13 14 13 13 12 13 12 12 12 11 11 11 11 12 10 12 10 11 9 11 9 10 9 9 10 9 10 10 
关卡7
17 6 7 6 6 7 6 8 6 8 7 8 8 9 8 9 7 10 7 11 7 11 8 11 9 11 10 12 10 12 9 13 9 14 9 15 16 14 16 14 15 15 15 15 14 15 13 15 12 16 12 16 11 15 11 15 10 16 10 17 10 17 9 16 9 15 9 14 9 
关卡8
22 4 7 5 7 5 6 6 6 6 5 7 5 7 6 7 7 8 7 9 7 9 6 10 6 10 7 10 8 10 9 9 9 9 10 10 10 11 10 11 11 12 11 12 10 17 17 16 17 16 16 16 15 17 15 17 14 17 13 18 13 18 12 18 11 17 11 16 11 16 10 16 9 15 9 15 8 15 7 14 7 13 7 13 8 13 9 14 9 
关卡9
30 5 8 5 7 5 6 6 6 6 7 7 7 7 6 8 6 8 5 9 5 9 4 10 4 10 5 11 5 11 6 12 6 12 7 12 8 11 8 10 8 9 8 9 9 10 9 10 10 9 10 9 11 10 11 10 12 10 13 11 13 21 22 21 21 20 21 20 20 20 19 19 19 19 18 20 18 20 17 19 17 18 17 17 17 17 18 17 19 16 19 16 18 15 18 14 18 14 17 14 16 15 16 15 15 15 14 16 14 16 13 16 12 15 12 15 11 14 11 13 11 
关卡1
5 8 12 9 12 10 12 10 11 11 11 13 9 12 9 11 9 11 10 11 11 
关卡2
11 9 9 8 9 7 9 6 9 6 10 6 11 7 11 8 11 8 12 9 12 10 12 12 14 12 13 12 12 13 12 13 11 13 10 12 10 12 11 11 11 10 11 10 12 
关卡3
16 16 12 16 11 15 11 15 12 14 12 14 11 14 10 13 10 12 10 12 11 12 12 11 12 10 12 10 11 10 10 9 10 3 9 4 9 4 10 4 11 5 11 5 10 5 9 6 9 6 10 6 11 7 11 7 10 7 9 8 9 9 9 9 10 
关卡4
16 11 14 11 15 11 16 11 17 10 17 9 17 8 17 8 16 8 15 8 14 9 14 10 14 10 15 10 16 9 16 9 15 7 16 7 15 7 14 7 13 8 13 9 13 10 13 10 14 10 15 10 16 9 16 8 16 8 15 8 14 9 14 9 15 
关卡5
16 4 9 4 8 5 8 6 8 6 7 7 7 7 8 7 9 7 10 7 11 8 11 8 10 9 10 9 9 10 9 11 9 11 10 12 10 12 11 12 12 12 13 13 13 14 13 15 13 15 12 15 11 15 10 15 9 14 9 13 9 12 9 11 9 


玩家1创建的游戏
4 6 8 7 8 8 8 9 8 9 11 9 10 9 9 9 8 